38.55 75.33 27.74 25.91 42.66 14.11 15.41 48.74 44.11
78.82 148.19 117.66 76.60 31.50 53.94 65.04 65.21 8.54
150.48 132.55 143.05 152.47 120.56 141.09 152.69 158.35 125.41
108.67 70.32 69.09 76.46 55.89 72.49 65.18 20.54 17.21
144.22 87.11 114.52 139.51 179.44 128.21 106.27 118.66 129.17
114.71 88.66 78.69 96.78 88.13 82.91 78.30 84.05 53.46
154.43 116.96 106.98 73.17 110.94 89.26 42.13 45.14 89.22
69.73 157.91 73.32 72.02 68.61 86.15 87.88 23.54 33.07
49.28 48.04 104.40 87.23 102.65 83.24 92.41 125.32 131.23
78.34 126.41 136.26 143.53 105.26 78.80 116.57 119.31 68.92
39.57 69.12 116.57 65.00 80.10 75.36 50.98 50.33 60.55
130.03 61.70 87.80 71.20 91.51 79.71 77.59 57.67 23.37
40.12 69.31 79.27 67.24 94.52 52.03 6.45 43.17 54.11
153.68 48.14 -141.67 106.40 82.09 124.63 101.79 48.47 134.49
130.00 106.76 53.75 41.19 58.84 89.78 92.67 71.25 36.37
123.18 131.58 92.28 75.78 99.11 66.40 66.16 30.71 59.40
78.75 66.08 66.96 118.49 75.40 39.31 88.08 48.60 87.79
93.38 150.18 116.75 130.99 127.81 97.54 113.83 92.98 108.43
100.72 95.89 57.48 75.57 109.41 57.50 51.03 57.56 87.48
-42.29 125.74 123.76 120.35 132.89 54.70 76.95 92.25 87.07
90.47 96.11 54.69 79.84 112.25 46.70 47.25 57.85 83.87
92.90 115.64 146.12 128.26 57.51 72.56 98.44 82.52 72.90
106.89 87.32 58.67 87.47 124.05 88.65 85.31 83.09 50.10
20.13 28.58 48.37 17.23 50.87 31.36 17.89 16.14 36.16
-164.97 143.29 129.98 90.94 138.45 124.30 97.44 113.85 110.94
54.80 106.33 65.69 37.80 83.45 50.45 70.13 71.67 2.96
86.32 152.56 122.82 83.52 74.70 66.31 86.16 98.23 84.08
-43.40 136.80 73.46 126.12 35.87 123.25 119.43 128.23 103.74
55.71 121.70 113.83 65.49 74.76 88.57 100.84 115.67 69.07
-146.03 36.54 134.55 107.27 81.73 72.63 86.30 86.36 108.02
7.48 125.78 76.32 142.96 125.82 117.54 79.05 91.08 90.00
74.17 108.29 111.08 155.48 -11.64 118.09 96.17 62.53 121.15
69.44 69.11 117.45 52.17 96.71 64.95 75.40 80.96 94.21
61.78 93.44 74.20 37.46 58.14 103.38 87.46 58.62 75.59
96.45 119.32 69.71 67.85 60.88 54.61 92.71 85.95 54.38
176.34 78.04 81.09 43.83 30.27 78.50 52.92 32.15 64.96
89.09 105.31 99.92 176.88 90.75 90.57 97.53 117.65 89.44
